45 0.2586206896551724 0.37586206896551716 0.2045977011494253 0.11264367816091958
45 0.367816091954023 0.47356321839080456 0.11494252873563218 0.04597701149425286
45 0.40919540229885065 0.5528735632183908 0.13793103448275862 0.043678160919540215
45 0.4908045977011494 0.6551724137931033 0.16781609195402303 0.11954022988505747
45 0.77816091954023 0.49080459770114937 0.1908045977011494 0.1310344827586207
45 0.6505747126436782 0.6356321839080459 0.09655172413793103 0.09425287356321839
45 0.2597701149425287 0.2632183908045977 0.10574712643678161 0.08045977011494253
284 0.28620689655172415 0.5632183908045978 0.08045977011494253 0.0827586206896552
284 0.3770114942528735 0.6218390804597701 0.055172413793103454 0.06666666666666667
284 0.24942528735632183 0.46321839080459776 0.10344827586206896 0.052873563218390804
284 0.14712643678160917 0.2597701149425287 0.11034482758620691 0.11034482758620691
284 0.3448275862068966 0.24137931034482757 0.055172413793103454 0.10574712643678161
284 0.5022988505747127 0.46321839080459776 0.11724137931034483 0.07126436781609195
284 0.7298850574712641 0.635632183908046 0.06666666666666667 0.052873563218390804
79 0.7241379310344827 0.31839080459770114 0.3080459770114943 0.20919540229885059
79 0.4080459770114942 0.19770114942528735 0.09425287356321839 0.09195402298850572
79 0.5367816091954023 0.15517241379310345 0.09425287356321839 0.04827586206896552
501 0.4298850574712644 0.3264367816091954 0.10114942528735632 0.09195402298850572
501 0.6390804597701149 0.1402298850574713 0.12413793103448276 0.11494252873563218
