104 0.3851485148514851 0.28019801980198017 0.20396039603960398 0.1603960396039604
104 0.45940594059405937 0.6257425742574257 0.1702970297029703 0.293069306930693
104 0.17029703149794584 0.5316831665816886 0.15445544554455443 0.12871286733818268
104 0.7366336633663367 0.3386138613861386 0.1188118811881188 0.17425742574257425
104 0.7762376237623763 0.612871287128713 0.11485148514851487 0.18811881188118812
453 0.25445544554455446 0.5930693069306932 0.15643564356435644 0.15643564356435644
453 0.4792079207920792 0.3663366336633663 0.10297029702970298 0.14257425742574253
453 0.5277227723968927 0.21881187891448306 0.100990099009901 0.18415841584158416
453 0.6207920792079209 0.5722772277227722 0.1801980198019802 0.16633663366336635
453 0.8217821783374868 0.48316831611369293 0.1702970297029703 0.15445544554455445
