217 0.29207920792079206 0.3207920792079208 0.2 0.24554455445544554
217 0.4742574257425743 0.5207920792079208 0.23168316831683172 0.2772277227722773
217 0.27524752475247527 0.5158415841584159 0.22970297029702974 0.2752475247524753
217 0.3900990099009901 0.8099009900990098 0.4118811881188119 0.2217821782178218
217 0.594059405940594 0.3891089108910892 0.20990099009900992 0.3386138613861387
217 0.7564356435643564 0.3732673267326733 0.11485148514851487 0.2594059405940594
217 0.8663366336633663 0.39603960396039606 0.19207920792079208 0.30495049504950494
217 0.6990099009900991 0.7148514851485149 0.19801980198019803 0.2772277227722773
217 0.8544554455445545 0.8465346534653466 0.11287128712871289 0.21584158415841587
201 0.5059921419315508 0.4762376237623762 0.9723803227490718 0.9524752475247524
