26 0.15346534653465344 0.1603960396039604 0.009900990099009901 0.0039603960396039604
579 0.26534653465346536 0.3267326732673268 0.09108910891089109 0.1108910891089109
579 0.301980198019802 0.42178217821782177 0.08118811881188119 0.12673267326732673
579 0.4089108910891089 0.31584158415841584 0.09306930693069307 0.16831683168316833
579 0.5138613861386139 0.43168316831683173 0.10495049504950496 0.09900990099009901
579 0.5554455445544555 0.16435643564356436 0.08118811881188119 0.10297029702970298
579 0.42475247524752474 0.1316831683168317 0.13663366336633667 0.10891089108910892
579 0.705940594059406 0.2841584158415842 0.09702970297029703 0.100990099009901
579 0.45742574257425744 0.8118811881188119 0.07524752475247524 0.07920792079207921
579 0.33465346534653456 0.7415841584158416 0.09108910891089109 0.11683168316831685
26 0.26831683168316833 0.23366336633663362 0.21980198019801983 0.17425742574257425
26 0.49603960557587407 0.47722773019150927 0.798019805211154 0.9544554307060892
