579 0.2138613861386139 0.5633663366336634 0.26138613861386145 0.21584158415841587
579 0.46831683168316834 0.6376237623762376 0.1326732673267327 0.3445544554455445
579 0.4702970297029703 0.3792079207920792 0.1603960396039604 0.12475247524752475
579 0.6168316831683168 0.2910891089108911 0.20792079207920794 0.18613861386138614
579 0.6445544554455445 0.05841584158415841 0.14455445544554452 0.0891089108910891
579 0.8138613861386139 0.36831683168316837 0.16237623762376238 0.201980198019802
579 0.6316831683168317 0.8425742574257425 0.31287128712871287 0.21980198019801983
579 0.24158415841584155 0.3841584158415842 0.19405940594059407 0.12277227722772277
579 0.4623762376237624 0.14752475247524752 0.16831683168316833 0.17227722772277226
26 0.48514851485148514 0.44554455445544555 0.9386138613861386 0.8594059405940594
