88 0.27920792079207923 0.36138613861386143 0.13069306930693073 0.10891089108910892
88 0.3594059405940594 0.4574257425742574 0.13663366336633667 0.09504950495049505
88 0.6029702987050135 0.7138613862582788 0.22772277227722776 0.23564356435643563
88 0.7534653465346536 0.5207920792079207 0.2514851485148515 0.08712871287128712
88 0.6247524752475249 0.4118811881188119 0.14059405940594064 0.14257425742574253
88 0.4821782178217822 0.28613861386138617 0.1326732673267327 0.10891089108910892
88 0.1693069306930693 0.5346534653465347 0.09306930693069307 0.09900990099009901
88 0.2594059405940594 0.6841584158415841 0.16633663366336635 0.16831683168316833
88 0.795049504950495 0.2851485148514852 0.12079207920792079 0.09504950495049505
88 0.8811881188118812 0.3910891089108911 0.08316831683168317 0.14455445544554452
579 0.30396039603960395 0.5148514851485149 0.17227722772277226 0.15841584158415842
579 0.4148514851485149 0.6178217821782178 0.12079207920792079 0.19405940594059407
579 0.41485148610583517 0.7999999992820098 0.10891089108910892 0.1346534653465347
579 0.4643564356435644 0.4188118811881188 0.12079207920792079 0.11683168316831685
579 0.3792079207920792 0.3297029702970297 0.08514851485148515 0.15247524752475247
579 0.5554455445544554 0.5257425742574258 0.15643564356435644 0.11287128712871289
579 0.6049504961264904 0.2504950491459554 0.18415841584158416 0.1603960396039604
579 0.794059405940594 0.6475247524752477 0.16237623762376238 0.18613861386138614
579 0.8801980198019802 0.6178217821782179 0.1603960396039604 0.13861386138613865
