579 0.2683168316831683 0.3514851485148515 0.18811881188118812 0.17227722772277226
579 0.5534653465346534 0.24158415841584158 0.12079207920792079 0.13069306930693073
579 0.8128712871287129 0.3702970297029703 0.11683168316831685 0.09504950495049505
579 0.7415841588945017 0.7881188139154938 0.2396039603960396 0.21386138613861388
579 0.33663366336633666 0.8128712871287129 0.2772277227722773 0.22772277227722776
579 0.1782178217821782 0.5821782178217823 0.18217821782178217 0.14257425742574253
88 0.43465346534653465 0.7108910891089109 0.12079207920792079 0.21386138613861388
88 0.7396039603960396 0.6603960396039603 0.15247524752475247 0.1326732673267327
88 0.8089108910891089 0.5435643564356435 0.16435643564356436 0.100990099009901
88 0.7108910891089111 0.401980198019802 0.12673267326732673 0.12277227722772277
88 0.5683168316831683 0.3712871287128713 0.1346534653465347 0.07722772277227723
88 0.45940594059405937 0.3603960396039604 0.1702970297029703 0.11485148514851487
88 0.32079207920792085 0.5554455445544554 0.09504950495049505 0.1326732673267327
201 0.5881188118811881 0.5603960396039604 0.2217821782178218 0.26138613861386145
26 0.49999999999999967 0.537623764709705 0.9999999999999993 0.9247524705805872
