201 0.2623762376237624 0.11584158415841583 0.16435643564356436 0.19603960396039605
201 0.2594059405940594 0.29405940594059404 0.35247524752475246 0.21980198019801983
201 0.2693069306930693 0.4504950495049505 0.09504950495049505 0.17227722772277226
201 0.17326732457870261 0.5732673268523382 0.11287128712871289 0.15643564356435644
201 0.1891089108910891 0.8564356435643563 0.14455445544554452 0.20792079207920794
201 0.6346534643892142 0.28514852107406713 0.29900990099009894 0.20990099009900992
201 0.8415841575183539 0.4009900982320782 0.15445544374957876 0.19207920636514644
201 0.5148514853878451 0.5247524753671898 0.09108910699625059 0.11485148514851487
201 0.4415841584158416 0.605940594059406 0.06732673267326734 0.09504950495049505
201 0.7405940594059406 0.787128712871287 0.09900990099009901 0.11683168316831685
201 0.49906144742626346 0.024752475247524747 0.08306522395935433 0.04950495049504949
201 0.7861386138613861 0.5861386138613862 0.06732673267326734 0.09900990099009901
201 0.8811881188118812 0.7108910891089109 0.06732673267326734 0.14257425742574253
