26 0.4722772277227723 0.8257425742574259 0.42178217821782177 0.15841584158415842
26 0.2 0.5079207920792079 0.1504950495049505 0.16435643564356436
26 0.4910891089108911 0.21584158415841587 0.15841584158415842 0.1782178217821782
26 0.7465346522686961 0.21089108839092066 0.28514851485148507 0.2237623762376238
26 0.7514851485148515 0.5544554455445545 0.26336633663366343 0.2495049504950495
579 0.48415841584158414 0.41980198019801984 0.09306930693069307 0.07524752475247524
579 0.6415841584158415 0.41386138613861384 0.1108910891089109 0.0594059405940594
579 0.803960396039604 0.4237623762376238 0.09900990099009901 0.09900990099009901
579 0.8316831683168318 0.2900990099009901 0.09504950495049505 0.09306930693069307
579 0.6782178217821783 0.2940594059405941 0.07722772277227723 0.12079207920792079
579 0.5762376237623762 0.31188118811881194 0.08712871287128712 0.061386138613861385
579 0.25643564356435644 0.2861386138613861 0.0891089108910891 0.0891089108910891
579 0.36237623762376237 0.3752475247524753 0.07524752475247524 0.08118811881188119
579 0.3524752465674321 0.5099009887826944 0.07128712871287127 0.100990099009901
579 0.5485148514851484 0.5663366336633664 0.09504950495049505 0.12277227722772277
579 0.5316831683168317 0.6762376237623762 0.0891089108910891 0.11683168316831685
579 0.4059405940594059 0.712871287128713 0.12277227722772277 0.09900990099009901
579 0.2732673267326733 0.7089108910891091 0.09900990099009901 0.06336633663366337
579 0.16237623762376238 0.6178217821782178 0.08712871287128712 0.0594059405940594
579 0.693069306930693 0.6336633663366337 0.08712871287128712 0.10693069306930694
579 0.4089108910891089 0.1732673267326733 0.061386138613861385 0.06534653465346536
